{
 "cells": [
  {
   "cell_type": "code",
   "execution_count": 101,
   "metadata": {},
   "outputs": [],
   "source": [
    "import numpy as np\n",
    "import pandas as pd"
   ]
  },
  {
   "cell_type": "code",
   "execution_count": 102,
   "metadata": {},
   "outputs": [],
   "source": [
    "dict1 = {\n",
    "    'name':['Abhishek','Aditya'],\n",
    "    'marks':['50','51']\n",
    "}\n"
   ]
  },
  {
   "cell_type": "code",
   "execution_count": 103,
   "metadata": {},
   "outputs": [
    {
     "data": {
      "text/html": [
       "<div>\n",
       "<style scoped>\n",
       "    .dataframe tbody tr th:only-of-type {\n",
       "        vertical-align: middle;\n",
       "    }\n",
       "\n",
       "    .dataframe tbody tr th {\n",
       "        vertical-align: top;\n",
       "    }\n",
       "\n",
       "    .dataframe thead th {\n",
       "        text-align: right;\n",
       "    }\n",
       "</style>\n",
       "<table border=\"1\" class=\"dataframe\">\n",
       "  <thead>\n",
       "    <tr style=\"text-align: right;\">\n",
       "      <th></th>\n",
       "      <th>name</th>\n",
       "      <th>marks</th>\n",
       "    </tr>\n",
       "  </thead>\n",
       "  <tbody>\n",
       "    <tr>\n",
       "      <th>0</th>\n",
       "      <td>Abhishek</td>\n",
       "      <td>50</td>\n",
       "    </tr>\n",
       "    <tr>\n",
       "      <th>1</th>\n",
       "      <td>Aditya</td>\n",
       "      <td>51</td>\n",
       "    </tr>\n",
       "  </tbody>\n",
       "</table>\n",
       "</div>"
      ],
      "text/plain": [
       "       name marks\n",
       "0  Abhishek    50\n",
       "1    Aditya    51"
      ]
     },
     "execution_count": 103,
     "metadata": {},
     "output_type": "execute_result"
    }
   ],
   "source": [
    "df = pd.DataFrame(dict1)\n",
    "df"
   ]
  },
  {
   "cell_type": "code",
   "execution_count": 104,
   "metadata": {},
   "outputs": [],
   "source": [
    "df.to_csv('Data.csv',index=False)"
   ]
  },
  {
   "cell_type": "code",
   "execution_count": 105,
   "metadata": {},
   "outputs": [
    {
     "data": {
      "text/html": [
       "<div>\n",
       "<style scoped>\n",
       "    .dataframe tbody tr th:only-of-type {\n",
       "        vertical-align: middle;\n",
       "    }\n",
       "\n",
       "    .dataframe tbody tr th {\n",
       "        vertical-align: top;\n",
       "    }\n",
       "\n",
       "    .dataframe thead th {\n",
       "        text-align: right;\n",
       "    }\n",
       "</style>\n",
       "<table border=\"1\" class=\"dataframe\">\n",
       "  <thead>\n",
       "    <tr style=\"text-align: right;\">\n",
       "      <th></th>\n",
       "      <th>name</th>\n",
       "      <th>marks</th>\n",
       "    </tr>\n",
       "  </thead>\n",
       "  <tbody>\n",
       "    <tr>\n",
       "      <th>0</th>\n",
       "      <td>Abhishek</td>\n",
       "      <td>50</td>\n",
       "    </tr>\n",
       "  </tbody>\n",
       "</table>\n",
       "</div>"
      ],
      "text/plain": [
       "       name marks\n",
       "0  Abhishek    50"
      ]
     },
     "execution_count": 105,
     "metadata": {},
     "output_type": "execute_result"
    }
   ],
   "source": [
    "df.head(1)"
   ]
  },
  {
   "cell_type": "code",
   "execution_count": 106,
   "metadata": {},
   "outputs": [
    {
     "data": {
      "text/html": [
       "<div>\n",
       "<style scoped>\n",
       "    .dataframe tbody tr th:only-of-type {\n",
       "        vertical-align: middle;\n",
       "    }\n",
       "\n",
       "    .dataframe tbody tr th {\n",
       "        vertical-align: top;\n",
       "    }\n",
       "\n",
       "    .dataframe thead th {\n",
       "        text-align: right;\n",
       "    }\n",
       "</style>\n",
       "<table border=\"1\" class=\"dataframe\">\n",
       "  <thead>\n",
       "    <tr style=\"text-align: right;\">\n",
       "      <th></th>\n",
       "      <th>name</th>\n",
       "      <th>marks</th>\n",
       "    </tr>\n",
       "  </thead>\n",
       "  <tbody>\n",
       "    <tr>\n",
       "      <th>1</th>\n",
       "      <td>Aditya</td>\n",
       "      <td>51</td>\n",
       "    </tr>\n",
       "  </tbody>\n",
       "</table>\n",
       "</div>"
      ],
      "text/plain": [
       "     name marks\n",
       "1  Aditya    51"
      ]
     },
     "execution_count": 106,
     "metadata": {},
     "output_type": "execute_result"
    }
   ],
   "source": [
    "df.tail(1)"
   ]
  },
  {
   "cell_type": "code",
   "execution_count": 107,
   "metadata": {},
   "outputs": [
    {
     "data": {
      "text/html": [
       "<div>\n",
       "<style scoped>\n",
       "    .dataframe tbody tr th:only-of-type {\n",
       "        vertical-align: middle;\n",
       "    }\n",
       "\n",
       "    .dataframe tbody tr th {\n",
       "        vertical-align: top;\n",
       "    }\n",
       "\n",
       "    .dataframe thead th {\n",
       "        text-align: right;\n",
       "    }\n",
       "</style>\n",
       "<table border=\"1\" class=\"dataframe\">\n",
       "  <thead>\n",
       "    <tr style=\"text-align: right;\">\n",
       "      <th></th>\n",
       "      <th>name</th>\n",
       "      <th>marks</th>\n",
       "    </tr>\n",
       "  </thead>\n",
       "  <tbody>\n",
       "    <tr>\n",
       "      <th>count</th>\n",
       "      <td>2</td>\n",
       "      <td>2</td>\n",
       "    </tr>\n",
       "    <tr>\n",
       "      <th>unique</th>\n",
       "      <td>2</td>\n",
       "      <td>2</td>\n",
       "    </tr>\n",
       "    <tr>\n",
       "      <th>top</th>\n",
       "      <td>Abhishek</td>\n",
       "      <td>50</td>\n",
       "    </tr>\n",
       "    <tr>\n",
       "      <th>freq</th>\n",
       "      <td>1</td>\n",
       "      <td>1</td>\n",
       "    </tr>\n",
       "  </tbody>\n",
       "</table>\n",
       "</div>"
      ],
      "text/plain": [
       "            name marks\n",
       "count          2     2\n",
       "unique         2     2\n",
       "top     Abhishek    50\n",
       "freq           1     1"
      ]
     },
     "execution_count": 107,
     "metadata": {},
     "output_type": "execute_result"
    }
   ],
   "source": [
    "df.describe()"
   ]
  },
  {
   "cell_type": "code",
   "execution_count": 108,
   "metadata": {},
   "outputs": [
    {
     "data": {
      "text/html": [
       "<div>\n",
       "<style scoped>\n",
       "    .dataframe tbody tr th:only-of-type {\n",
       "        vertical-align: middle;\n",
       "    }\n",
       "\n",
       "    .dataframe tbody tr th {\n",
       "        vertical-align: top;\n",
       "    }\n",
       "\n",
       "    .dataframe thead th {\n",
       "        text-align: right;\n",
       "    }\n",
       "</style>\n",
       "<table border=\"1\" class=\"dataframe\">\n",
       "  <thead>\n",
       "    <tr style=\"text-align: right;\">\n",
       "      <th></th>\n",
       "      <th>name</th>\n",
       "      <th>marks</th>\n",
       "    </tr>\n",
       "  </thead>\n",
       "  <tbody>\n",
       "    <tr>\n",
       "      <th>0</th>\n",
       "      <td>Abhishek</td>\n",
       "      <td>50</td>\n",
       "    </tr>\n",
       "    <tr>\n",
       "      <th>1</th>\n",
       "      <td>Aditya</td>\n",
       "      <td>51</td>\n",
       "    </tr>\n",
       "  </tbody>\n",
       "</table>\n",
       "</div>"
      ],
      "text/plain": [
       "       name  marks\n",
       "0  Abhishek     50\n",
       "1    Aditya     51"
      ]
     },
     "execution_count": 108,
     "metadata": {},
     "output_type": "execute_result"
    }
   ],
   "source": [
    "mydata = pd.read_csv('Data.csv')\n",
    "mydata"
   ]
  },
  {
   "cell_type": "code",
   "execution_count": 109,
   "metadata": {},
   "outputs": [],
   "source": [
    "mydata.index = ['first','second']"
   ]
  },
  {
   "cell_type": "code",
   "execution_count": 110,
   "metadata": {},
   "outputs": [
    {
     "data": {
      "text/html": [
       "<div>\n",
       "<style scoped>\n",
       "    .dataframe tbody tr th:only-of-type {\n",
       "        vertical-align: middle;\n",
       "    }\n",
       "\n",
       "    .dataframe tbody tr th {\n",
       "        vertical-align: top;\n",
       "    }\n",
       "\n",
       "    .dataframe thead th {\n",
       "        text-align: right;\n",
       "    }\n",
       "</style>\n",
       "<table border=\"1\" class=\"dataframe\">\n",
       "  <thead>\n",
       "    <tr style=\"text-align: right;\">\n",
       "      <th></th>\n",
       "      <th>name</th>\n",
       "      <th>marks</th>\n",
       "    </tr>\n",
       "  </thead>\n",
       "  <tbody>\n",
       "    <tr>\n",
       "      <th>first</th>\n",
       "      <td>Abhishek</td>\n",
       "      <td>50</td>\n",
       "    </tr>\n",
       "    <tr>\n",
       "      <th>second</th>\n",
       "      <td>Aditya</td>\n",
       "      <td>51</td>\n",
       "    </tr>\n",
       "  </tbody>\n",
       "</table>\n",
       "</div>"
      ],
      "text/plain": [
       "            name  marks\n",
       "first   Abhishek     50\n",
       "second    Aditya     51"
      ]
     },
     "execution_count": 110,
     "metadata": {},
     "output_type": "execute_result"
    }
   ],
   "source": [
    "mydata"
   ]
  },
  {
   "cell_type": "code",
   "execution_count": 111,
   "metadata": {},
   "outputs": [
    {
     "data": {
      "text/html": [
       "<div>\n",
       "<style scoped>\n",
       "    .dataframe tbody tr th:only-of-type {\n",
       "        vertical-align: middle;\n",
       "    }\n",
       "\n",
       "    .dataframe tbody tr th {\n",
       "        vertical-align: top;\n",
       "    }\n",
       "\n",
       "    .dataframe thead th {\n",
       "        text-align: right;\n",
       "    }\n",
       "</style>\n",
       "<table border=\"1\" class=\"dataframe\">\n",
       "  <thead>\n",
       "    <tr style=\"text-align: right;\">\n",
       "      <th></th>\n",
       "      <th>0</th>\n",
       "      <th>1</th>\n",
       "      <th>2</th>\n",
       "      <th>3</th>\n",
       "      <th>4</th>\n",
       "    </tr>\n",
       "  </thead>\n",
       "  <tbody>\n",
       "    <tr>\n",
       "      <th>0</th>\n",
       "      <td>0.453949</td>\n",
       "      <td>0.657624</td>\n",
       "      <td>0.898072</td>\n",
       "      <td>0.412082</td>\n",
       "      <td>0.673186</td>\n",
       "    </tr>\n",
       "    <tr>\n",
       "      <th>1</th>\n",
       "      <td>0.373584</td>\n",
       "      <td>0.055321</td>\n",
       "      <td>0.066260</td>\n",
       "      <td>0.090403</td>\n",
       "      <td>0.006082</td>\n",
       "    </tr>\n",
       "    <tr>\n",
       "      <th>2</th>\n",
       "      <td>0.942895</td>\n",
       "      <td>0.829790</td>\n",
       "      <td>0.275629</td>\n",
       "      <td>0.059293</td>\n",
       "      <td>0.382830</td>\n",
       "    </tr>\n",
       "    <tr>\n",
       "      <th>3</th>\n",
       "      <td>0.436027</td>\n",
       "      <td>0.324426</td>\n",
       "      <td>0.537739</td>\n",
       "      <td>0.641428</td>\n",
       "      <td>0.839556</td>\n",
       "    </tr>\n",
       "    <tr>\n",
       "      <th>4</th>\n",
       "      <td>0.789386</td>\n",
       "      <td>0.314316</td>\n",
       "      <td>0.310783</td>\n",
       "      <td>0.459576</td>\n",
       "      <td>0.689794</td>\n",
       "    </tr>\n",
       "    <tr>\n",
       "      <th>...</th>\n",
       "      <td>...</td>\n",
       "      <td>...</td>\n",
       "      <td>...</td>\n",
       "      <td>...</td>\n",
       "      <td>...</td>\n",
       "    </tr>\n",
       "    <tr>\n",
       "      <th>329</th>\n",
       "      <td>0.163907</td>\n",
       "      <td>0.553191</td>\n",
       "      <td>0.904229</td>\n",
       "      <td>0.431718</td>\n",
       "      <td>0.961976</td>\n",
       "    </tr>\n",
       "    <tr>\n",
       "      <th>330</th>\n",
       "      <td>0.565119</td>\n",
       "      <td>0.606829</td>\n",
       "      <td>0.820893</td>\n",
       "      <td>0.746573</td>\n",
       "      <td>0.282004</td>\n",
       "    </tr>\n",
       "    <tr>\n",
       "      <th>331</th>\n",
       "      <td>0.221902</td>\n",
       "      <td>0.215779</td>\n",
       "      <td>0.153853</td>\n",
       "      <td>0.764304</td>\n",
       "      <td>0.686762</td>\n",
       "    </tr>\n",
       "    <tr>\n",
       "      <th>332</th>\n",
       "      <td>0.618394</td>\n",
       "      <td>0.119898</td>\n",
       "      <td>0.674177</td>\n",
       "      <td>0.539711</td>\n",
       "      <td>0.356024</td>\n",
       "    </tr>\n",
       "    <tr>\n",
       "      <th>333</th>\n",
       "      <td>0.727610</td>\n",
       "      <td>0.440214</td>\n",
       "      <td>0.389518</td>\n",
       "      <td>0.221566</td>\n",
       "      <td>0.039565</td>\n",
       "    </tr>\n",
       "  </tbody>\n",
       "</table>\n",
       "<p>334 rows × 5 columns</p>\n",
       "</div>"
      ],
      "text/plain": [
       "            0         1         2         3         4\n",
       "0    0.453949  0.657624  0.898072  0.412082  0.673186\n",
       "1    0.373584  0.055321  0.066260  0.090403  0.006082\n",
       "2    0.942895  0.829790  0.275629  0.059293  0.382830\n",
       "3    0.436027  0.324426  0.537739  0.641428  0.839556\n",
       "4    0.789386  0.314316  0.310783  0.459576  0.689794\n",
       "..        ...       ...       ...       ...       ...\n",
       "329  0.163907  0.553191  0.904229  0.431718  0.961976\n",
       "330  0.565119  0.606829  0.820893  0.746573  0.282004\n",
       "331  0.221902  0.215779  0.153853  0.764304  0.686762\n",
       "332  0.618394  0.119898  0.674177  0.539711  0.356024\n",
       "333  0.727610  0.440214  0.389518  0.221566  0.039565\n",
       "\n",
       "[334 rows x 5 columns]"
      ]
     },
     "execution_count": 111,
     "metadata": {},
     "output_type": "execute_result"
    }
   ],
   "source": [
    "ser = pd.DataFrame(np.random.rand(334,5),index= np.arange(334))\n",
    "ser"
   ]
  },
  {
   "cell_type": "code",
   "execution_count": 112,
   "metadata": {},
   "outputs": [
    {
     "name": "stdout",
     "output_type": "stream",
     "text": [
      "          0         1         2         3         4\n",
      "0  0.453949  0.657624  0.898072  0.412082  0.673186\n",
      "1  0.373584  0.055321  0.066260  0.090403  0.006082\n",
      "2  0.942895  0.829790  0.275629  0.059293  0.382830\n",
      "3  0.436027  0.324426  0.537739  0.641428  0.839556\n",
      "4  0.789386  0.314316  0.310783  0.459576  0.689794\n"
     ]
    },
    {
     "data": {
      "text/plain": [
       "pandas.core.frame.DataFrame"
      ]
     },
     "execution_count": 112,
     "metadata": {},
     "output_type": "execute_result"
    }
   ],
   "source": [
    "print(ser.head())\n",
    "type(ser)"
   ]
  },
  {
   "cell_type": "code",
   "execution_count": 113,
   "metadata": {},
   "outputs": [
    {
     "data": {
      "text/html": [
       "<div>\n",
       "<style scoped>\n",
       "    .dataframe tbody tr th:only-of-type {\n",
       "        vertical-align: middle;\n",
       "    }\n",
       "\n",
       "    .dataframe tbody tr th {\n",
       "        vertical-align: top;\n",
       "    }\n",
       "\n",
       "    .dataframe thead th {\n",
       "        text-align: right;\n",
       "    }\n",
       "</style>\n",
       "<table border=\"1\" class=\"dataframe\">\n",
       "  <thead>\n",
       "    <tr style=\"text-align: right;\">\n",
       "      <th></th>\n",
       "      <th>0</th>\n",
       "      <th>1</th>\n",
       "      <th>2</th>\n",
       "      <th>3</th>\n",
       "      <th>4</th>\n",
       "    </tr>\n",
       "  </thead>\n",
       "  <tbody>\n",
       "    <tr>\n",
       "      <th>count</th>\n",
       "      <td>334.000000</td>\n",
       "      <td>334.000000</td>\n",
       "      <td>334.000000</td>\n",
       "      <td>334.000000</td>\n",
       "      <td>334.000000</td>\n",
       "    </tr>\n",
       "    <tr>\n",
       "      <th>mean</th>\n",
       "      <td>0.502244</td>\n",
       "      <td>0.490077</td>\n",
       "      <td>0.488889</td>\n",
       "      <td>0.511280</td>\n",
       "      <td>0.494046</td>\n",
       "    </tr>\n",
       "    <tr>\n",
       "      <th>std</th>\n",
       "      <td>0.292181</td>\n",
       "      <td>0.290815</td>\n",
       "      <td>0.294076</td>\n",
       "      <td>0.284823</td>\n",
       "      <td>0.280596</td>\n",
       "    </tr>\n",
       "    <tr>\n",
       "      <th>min</th>\n",
       "      <td>0.001138</td>\n",
       "      <td>0.002198</td>\n",
       "      <td>0.000449</td>\n",
       "      <td>0.001584</td>\n",
       "      <td>0.000228</td>\n",
       "    </tr>\n",
       "    <tr>\n",
       "      <th>25%</th>\n",
       "      <td>0.269760</td>\n",
       "      <td>0.226128</td>\n",
       "      <td>0.234246</td>\n",
       "      <td>0.277764</td>\n",
       "      <td>0.251470</td>\n",
       "    </tr>\n",
       "    <tr>\n",
       "      <th>50%</th>\n",
       "      <td>0.495542</td>\n",
       "      <td>0.486349</td>\n",
       "      <td>0.485485</td>\n",
       "      <td>0.540044</td>\n",
       "      <td>0.495166</td>\n",
       "    </tr>\n",
       "    <tr>\n",
       "      <th>75%</th>\n",
       "      <td>0.759570</td>\n",
       "      <td>0.740317</td>\n",
       "      <td>0.740280</td>\n",
       "      <td>0.759419</td>\n",
       "      <td>0.726099</td>\n",
       "    </tr>\n",
       "    <tr>\n",
       "      <th>max</th>\n",
       "      <td>0.998185</td>\n",
       "      <td>0.999416</td>\n",
       "      <td>0.998330</td>\n",
       "      <td>0.998483</td>\n",
       "      <td>0.996413</td>\n",
       "    </tr>\n",
       "  </tbody>\n",
       "</table>\n",
       "</div>"
      ],
      "text/plain": [
       "                0           1           2           3           4\n",
       "count  334.000000  334.000000  334.000000  334.000000  334.000000\n",
       "mean     0.502244    0.490077    0.488889    0.511280    0.494046\n",
       "std      0.292181    0.290815    0.294076    0.284823    0.280596\n",
       "min      0.001138    0.002198    0.000449    0.001584    0.000228\n",
       "25%      0.269760    0.226128    0.234246    0.277764    0.251470\n",
       "50%      0.495542    0.486349    0.485485    0.540044    0.495166\n",
       "75%      0.759570    0.740317    0.740280    0.759419    0.726099\n",
       "max      0.998185    0.999416    0.998330    0.998483    0.996413"
      ]
     },
     "execution_count": 113,
     "metadata": {},
     "output_type": "execute_result"
    }
   ],
   "source": [
    "ser.describe()"
   ]
  },
  {
   "cell_type": "code",
   "execution_count": 114,
   "metadata": {},
   "outputs": [
    {
     "name": "stderr",
     "output_type": "stream",
     "text": [
      "C:\\Users\\abhis\\AppData\\Local\\Temp\\ipykernel_12956\\105388273.py:1: FutureWarning: ChainedAssignmentError: behaviour will change in pandas 3.0!\n",
      "You are setting values through chained assignment. Currently this works in certain cases, but when using Copy-on-Write (which will become the default behaviour in pandas 3.0) this will never work to update the original DataFrame or Series, because the intermediate object on which we are setting values will behave as a copy.\n",
      "A typical example is when you are setting values in a column of a DataFrame, like:\n",
      "\n",
      "df[\"col\"][row_indexer] = value\n",
      "\n",
      "Use `df.loc[row_indexer, \"col\"] = values` instead, to perform the assignment in a single step and ensure this keeps updating the original `df`.\n",
      "\n",
      "See the caveats in the documentation: https://pandas.pydata.org/pandas-docs/stable/user_guide/indexing.html#returning-a-view-versus-a-copy\n",
      "\n",
      "  ser[0][0] = 'Abhi'\n",
      "C:\\Users\\abhis\\AppData\\Local\\Temp\\ipykernel_12956\\105388273.py:1: FutureWarning: Setting an item of incompatible dtype is deprecated and will raise an error in a future version of pandas. Value 'Abhi' has dtype incompatible with float64, please explicitly cast to a compatible dtype first.\n",
      "  ser[0][0] = 'Abhi'\n"
     ]
    }
   ],
   "source": [
    "ser[0][0] = 'Abhi'"
   ]
  },
  {
   "cell_type": "code",
   "execution_count": 115,
   "metadata": {},
   "outputs": [
    {
     "data": {
      "text/html": [
       "<div>\n",
       "<style scoped>\n",
       "    .dataframe tbody tr th:only-of-type {\n",
       "        vertical-align: middle;\n",
       "    }\n",
       "\n",
       "    .dataframe tbody tr th {\n",
       "        vertical-align: top;\n",
       "    }\n",
       "\n",
       "    .dataframe thead th {\n",
       "        text-align: right;\n",
       "    }\n",
       "</style>\n",
       "<table border=\"1\" class=\"dataframe\">\n",
       "  <thead>\n",
       "    <tr style=\"text-align: right;\">\n",
       "      <th></th>\n",
       "      <th>0</th>\n",
       "      <th>1</th>\n",
       "      <th>2</th>\n",
       "      <th>3</th>\n",
       "      <th>4</th>\n",
       "    </tr>\n",
       "  </thead>\n",
       "  <tbody>\n",
       "    <tr>\n",
       "      <th>0</th>\n",
       "      <td>Abhi</td>\n",
       "      <td>0.657624</td>\n",
       "      <td>0.898072</td>\n",
       "      <td>0.412082</td>\n",
       "      <td>0.673186</td>\n",
       "    </tr>\n",
       "    <tr>\n",
       "      <th>1</th>\n",
       "      <td>0.373584</td>\n",
       "      <td>0.055321</td>\n",
       "      <td>0.066260</td>\n",
       "      <td>0.090403</td>\n",
       "      <td>0.006082</td>\n",
       "    </tr>\n",
       "    <tr>\n",
       "      <th>2</th>\n",
       "      <td>0.942895</td>\n",
       "      <td>0.829790</td>\n",
       "      <td>0.275629</td>\n",
       "      <td>0.059293</td>\n",
       "      <td>0.382830</td>\n",
       "    </tr>\n",
       "    <tr>\n",
       "      <th>3</th>\n",
       "      <td>0.436027</td>\n",
       "      <td>0.324426</td>\n",
       "      <td>0.537739</td>\n",
       "      <td>0.641428</td>\n",
       "      <td>0.839556</td>\n",
       "    </tr>\n",
       "    <tr>\n",
       "      <th>4</th>\n",
       "      <td>0.789386</td>\n",
       "      <td>0.314316</td>\n",
       "      <td>0.310783</td>\n",
       "      <td>0.459576</td>\n",
       "      <td>0.689794</td>\n",
       "    </tr>\n",
       "    <tr>\n",
       "      <th>...</th>\n",
       "      <td>...</td>\n",
       "      <td>...</td>\n",
       "      <td>...</td>\n",
       "      <td>...</td>\n",
       "      <td>...</td>\n",
       "    </tr>\n",
       "    <tr>\n",
       "      <th>329</th>\n",
       "      <td>0.163907</td>\n",
       "      <td>0.553191</td>\n",
       "      <td>0.904229</td>\n",
       "      <td>0.431718</td>\n",
       "      <td>0.961976</td>\n",
       "    </tr>\n",
       "    <tr>\n",
       "      <th>330</th>\n",
       "      <td>0.565119</td>\n",
       "      <td>0.606829</td>\n",
       "      <td>0.820893</td>\n",
       "      <td>0.746573</td>\n",
       "      <td>0.282004</td>\n",
       "    </tr>\n",
       "    <tr>\n",
       "      <th>331</th>\n",
       "      <td>0.221902</td>\n",
       "      <td>0.215779</td>\n",
       "      <td>0.153853</td>\n",
       "      <td>0.764304</td>\n",
       "      <td>0.686762</td>\n",
       "    </tr>\n",
       "    <tr>\n",
       "      <th>332</th>\n",
       "      <td>0.618394</td>\n",
       "      <td>0.119898</td>\n",
       "      <td>0.674177</td>\n",
       "      <td>0.539711</td>\n",
       "      <td>0.356024</td>\n",
       "    </tr>\n",
       "    <tr>\n",
       "      <th>333</th>\n",
       "      <td>0.72761</td>\n",
       "      <td>0.440214</td>\n",
       "      <td>0.389518</td>\n",
       "      <td>0.221566</td>\n",
       "      <td>0.039565</td>\n",
       "    </tr>\n",
       "  </tbody>\n",
       "</table>\n",
       "<p>334 rows × 5 columns</p>\n",
       "</div>"
      ],
      "text/plain": [
       "            0         1         2         3         4\n",
       "0        Abhi  0.657624  0.898072  0.412082  0.673186\n",
       "1    0.373584  0.055321  0.066260  0.090403  0.006082\n",
       "2    0.942895  0.829790  0.275629  0.059293  0.382830\n",
       "3    0.436027  0.324426  0.537739  0.641428  0.839556\n",
       "4    0.789386  0.314316  0.310783  0.459576  0.689794\n",
       "..        ...       ...       ...       ...       ...\n",
       "329  0.163907  0.553191  0.904229  0.431718  0.961976\n",
       "330  0.565119  0.606829  0.820893  0.746573  0.282004\n",
       "331  0.221902  0.215779  0.153853  0.764304  0.686762\n",
       "332  0.618394  0.119898  0.674177  0.539711  0.356024\n",
       "333   0.72761  0.440214  0.389518  0.221566  0.039565\n",
       "\n",
       "[334 rows x 5 columns]"
      ]
     },
     "execution_count": 115,
     "metadata": {},
     "output_type": "execute_result"
    }
   ],
   "source": [
    "ser"
   ]
  },
  {
   "cell_type": "code",
   "execution_count": 116,
   "metadata": {},
   "outputs": [
    {
     "data": {
      "text/plain": [
       "pandas.core.frame.DataFrame"
      ]
     },
     "execution_count": 116,
     "metadata": {},
     "output_type": "execute_result"
    }
   ],
   "source": [
    "type(ser)"
   ]
  },
  {
   "cell_type": "code",
   "execution_count": 117,
   "metadata": {},
   "outputs": [
    {
     "data": {
      "text/html": [
       "<div>\n",
       "<style scoped>\n",
       "    .dataframe tbody tr th:only-of-type {\n",
       "        vertical-align: middle;\n",
       "    }\n",
       "\n",
       "    .dataframe tbody tr th {\n",
       "        vertical-align: top;\n",
       "    }\n",
       "\n",
       "    .dataframe thead th {\n",
       "        text-align: right;\n",
       "    }\n",
       "</style>\n",
       "<table border=\"1\" class=\"dataframe\">\n",
       "  <thead>\n",
       "    <tr style=\"text-align: right;\">\n",
       "      <th></th>\n",
       "      <th>0</th>\n",
       "      <th>1</th>\n",
       "      <th>2</th>\n",
       "      <th>3</th>\n",
       "      <th>4</th>\n",
       "    </tr>\n",
       "  </thead>\n",
       "  <tbody>\n",
       "    <tr>\n",
       "      <th>0</th>\n",
       "      <td>0.3</td>\n",
       "      <td>0.657624</td>\n",
       "      <td>0.898072</td>\n",
       "      <td>0.412082</td>\n",
       "      <td>0.673186</td>\n",
       "    </tr>\n",
       "    <tr>\n",
       "      <th>1</th>\n",
       "      <td>0.373584</td>\n",
       "      <td>0.055321</td>\n",
       "      <td>0.066260</td>\n",
       "      <td>0.090403</td>\n",
       "      <td>0.006082</td>\n",
       "    </tr>\n",
       "    <tr>\n",
       "      <th>2</th>\n",
       "      <td>0.942895</td>\n",
       "      <td>0.829790</td>\n",
       "      <td>0.275629</td>\n",
       "      <td>0.059293</td>\n",
       "      <td>0.382830</td>\n",
       "    </tr>\n",
       "    <tr>\n",
       "      <th>3</th>\n",
       "      <td>0.436027</td>\n",
       "      <td>0.324426</td>\n",
       "      <td>0.537739</td>\n",
       "      <td>0.641428</td>\n",
       "      <td>0.839556</td>\n",
       "    </tr>\n",
       "    <tr>\n",
       "      <th>4</th>\n",
       "      <td>0.789386</td>\n",
       "      <td>0.314316</td>\n",
       "      <td>0.310783</td>\n",
       "      <td>0.459576</td>\n",
       "      <td>0.689794</td>\n",
       "    </tr>\n",
       "    <tr>\n",
       "      <th>...</th>\n",
       "      <td>...</td>\n",
       "      <td>...</td>\n",
       "      <td>...</td>\n",
       "      <td>...</td>\n",
       "      <td>...</td>\n",
       "    </tr>\n",
       "    <tr>\n",
       "      <th>329</th>\n",
       "      <td>0.163907</td>\n",
       "      <td>0.553191</td>\n",
       "      <td>0.904229</td>\n",
       "      <td>0.431718</td>\n",
       "      <td>0.961976</td>\n",
       "    </tr>\n",
       "    <tr>\n",
       "      <th>330</th>\n",
       "      <td>0.565119</td>\n",
       "      <td>0.606829</td>\n",
       "      <td>0.820893</td>\n",
       "      <td>0.746573</td>\n",
       "      <td>0.282004</td>\n",
       "    </tr>\n",
       "    <tr>\n",
       "      <th>331</th>\n",
       "      <td>0.221902</td>\n",
       "      <td>0.215779</td>\n",
       "      <td>0.153853</td>\n",
       "      <td>0.764304</td>\n",
       "      <td>0.686762</td>\n",
       "    </tr>\n",
       "    <tr>\n",
       "      <th>332</th>\n",
       "      <td>0.618394</td>\n",
       "      <td>0.119898</td>\n",
       "      <td>0.674177</td>\n",
       "      <td>0.539711</td>\n",
       "      <td>0.356024</td>\n",
       "    </tr>\n",
       "    <tr>\n",
       "      <th>333</th>\n",
       "      <td>0.72761</td>\n",
       "      <td>0.440214</td>\n",
       "      <td>0.389518</td>\n",
       "      <td>0.221566</td>\n",
       "      <td>0.039565</td>\n",
       "    </tr>\n",
       "  </tbody>\n",
       "</table>\n",
       "<p>334 rows × 5 columns</p>\n",
       "</div>"
      ],
      "text/plain": [
       "            0         1         2         3         4\n",
       "0         0.3  0.657624  0.898072  0.412082  0.673186\n",
       "1    0.373584  0.055321  0.066260  0.090403  0.006082\n",
       "2    0.942895  0.829790  0.275629  0.059293  0.382830\n",
       "3    0.436027  0.324426  0.537739  0.641428  0.839556\n",
       "4    0.789386  0.314316  0.310783  0.459576  0.689794\n",
       "..        ...       ...       ...       ...       ...\n",
       "329  0.163907  0.553191  0.904229  0.431718  0.961976\n",
       "330  0.565119  0.606829  0.820893  0.746573  0.282004\n",
       "331  0.221902  0.215779  0.153853  0.764304  0.686762\n",
       "332  0.618394  0.119898  0.674177  0.539711  0.356024\n",
       "333   0.72761  0.440214  0.389518  0.221566  0.039565\n",
       "\n",
       "[334 rows x 5 columns]"
      ]
     },
     "execution_count": 117,
     "metadata": {},
     "output_type": "execute_result"
    }
   ],
   "source": [
    "ser[0][0] = 0.3\n",
    "ser"
   ]
  },
  {
   "cell_type": "code",
   "execution_count": 118,
   "metadata": {},
   "outputs": [
    {
     "data": {
      "text/html": [
       "<div>\n",
       "<style scoped>\n",
       "    .dataframe tbody tr th:only-of-type {\n",
       "        vertical-align: middle;\n",
       "    }\n",
       "\n",
       "    .dataframe tbody tr th {\n",
       "        vertical-align: top;\n",
       "    }\n",
       "\n",
       "    .dataframe thead th {\n",
       "        text-align: right;\n",
       "    }\n",
       "</style>\n",
       "<table border=\"1\" class=\"dataframe\">\n",
       "  <thead>\n",
       "    <tr style=\"text-align: right;\">\n",
       "      <th></th>\n",
       "      <th>0</th>\n",
       "      <th>1</th>\n",
       "      <th>2</th>\n",
       "      <th>3</th>\n",
       "      <th>4</th>\n",
       "    </tr>\n",
       "  </thead>\n",
       "  <tbody>\n",
       "    <tr>\n",
       "      <th>333</th>\n",
       "      <td>0.72761</td>\n",
       "      <td>0.440214</td>\n",
       "      <td>0.389518</td>\n",
       "      <td>0.221566</td>\n",
       "      <td>0.039565</td>\n",
       "    </tr>\n",
       "    <tr>\n",
       "      <th>332</th>\n",
       "      <td>0.618394</td>\n",
       "      <td>0.119898</td>\n",
       "      <td>0.674177</td>\n",
       "      <td>0.539711</td>\n",
       "      <td>0.356024</td>\n",
       "    </tr>\n",
       "    <tr>\n",
       "      <th>331</th>\n",
       "      <td>0.221902</td>\n",
       "      <td>0.215779</td>\n",
       "      <td>0.153853</td>\n",
       "      <td>0.764304</td>\n",
       "      <td>0.686762</td>\n",
       "    </tr>\n",
       "    <tr>\n",
       "      <th>330</th>\n",
       "      <td>0.565119</td>\n",
       "      <td>0.606829</td>\n",
       "      <td>0.820893</td>\n",
       "      <td>0.746573</td>\n",
       "      <td>0.282004</td>\n",
       "    </tr>\n",
       "    <tr>\n",
       "      <th>329</th>\n",
       "      <td>0.163907</td>\n",
       "      <td>0.553191</td>\n",
       "      <td>0.904229</td>\n",
       "      <td>0.431718</td>\n",
       "      <td>0.961976</td>\n",
       "    </tr>\n",
       "    <tr>\n",
       "      <th>...</th>\n",
       "      <td>...</td>\n",
       "      <td>...</td>\n",
       "      <td>...</td>\n",
       "      <td>...</td>\n",
       "      <td>...</td>\n",
       "    </tr>\n",
       "    <tr>\n",
       "      <th>4</th>\n",
       "      <td>0.789386</td>\n",
       "      <td>0.314316</td>\n",
       "      <td>0.310783</td>\n",
       "      <td>0.459576</td>\n",
       "      <td>0.689794</td>\n",
       "    </tr>\n",
       "    <tr>\n",
       "      <th>3</th>\n",
       "      <td>0.436027</td>\n",
       "      <td>0.324426</td>\n",
       "      <td>0.537739</td>\n",
       "      <td>0.641428</td>\n",
       "      <td>0.839556</td>\n",
       "    </tr>\n",
       "    <tr>\n",
       "      <th>2</th>\n",
       "      <td>0.942895</td>\n",
       "      <td>0.829790</td>\n",
       "      <td>0.275629</td>\n",
       "      <td>0.059293</td>\n",
       "      <td>0.382830</td>\n",
       "    </tr>\n",
       "    <tr>\n",
       "      <th>1</th>\n",
       "      <td>0.373584</td>\n",
       "      <td>0.055321</td>\n",
       "      <td>0.066260</td>\n",
       "      <td>0.090403</td>\n",
       "      <td>0.006082</td>\n",
       "    </tr>\n",
       "    <tr>\n",
       "      <th>0</th>\n",
       "      <td>0.3</td>\n",
       "      <td>0.657624</td>\n",
       "      <td>0.898072</td>\n",
       "      <td>0.412082</td>\n",
       "      <td>0.673186</td>\n",
       "    </tr>\n",
       "  </tbody>\n",
       "</table>\n",
       "<p>334 rows × 5 columns</p>\n",
       "</div>"
      ],
      "text/plain": [
       "            0         1         2         3         4\n",
       "333   0.72761  0.440214  0.389518  0.221566  0.039565\n",
       "332  0.618394  0.119898  0.674177  0.539711  0.356024\n",
       "331  0.221902  0.215779  0.153853  0.764304  0.686762\n",
       "330  0.565119  0.606829  0.820893  0.746573  0.282004\n",
       "329  0.163907  0.553191  0.904229  0.431718  0.961976\n",
       "..        ...       ...       ...       ...       ...\n",
       "4    0.789386  0.314316  0.310783  0.459576  0.689794\n",
       "3    0.436027  0.324426  0.537739  0.641428  0.839556\n",
       "2    0.942895  0.829790  0.275629  0.059293  0.382830\n",
       "1    0.373584  0.055321  0.066260  0.090403  0.006082\n",
       "0         0.3  0.657624  0.898072  0.412082  0.673186\n",
       "\n",
       "[334 rows x 5 columns]"
      ]
     },
     "execution_count": 118,
     "metadata": {},
     "output_type": "execute_result"
    }
   ],
   "source": [
    "ser = ser.sort_index(ascending=False,axis = 0)#0 is used for row\n",
    "ser"
   ]
  },
  {
   "cell_type": "code",
   "execution_count": 119,
   "metadata": {},
   "outputs": [
    {
     "name": "stdout",
     "output_type": "stream",
     "text": [
      "            0         1         2         3         4\n",
      "0         0.3  0.657624  0.898072  0.412082  0.673186\n",
      "1    0.373584  0.055321  0.066260  0.090403  0.006082\n",
      "2    0.942895  0.829790  0.275629  0.059293  0.382830\n",
      "3    0.436027  0.324426  0.537739  0.641428  0.839556\n",
      "4    0.789386  0.314316  0.310783  0.459576  0.689794\n",
      "..        ...       ...       ...       ...       ...\n",
      "329  0.163907  0.553191  0.904229  0.431718  0.961976\n",
      "330  0.565119  0.606829  0.820893  0.746573  0.282004\n",
      "331  0.221902  0.215779  0.153853  0.764304  0.686762\n",
      "332  0.618394  0.119898  0.674177  0.539711  0.356024\n",
      "333   0.72761  0.440214  0.389518  0.221566  0.039565\n",
      "\n",
      "[334 rows x 5 columns]\n"
     ]
    }
   ],
   "source": [
    "ser = ser.sort_index(axis= 0,ascending=True)\n",
    "ser1 = ser.copy()\n",
    "print(ser)\n"
   ]
  },
  {
   "cell_type": "code",
   "execution_count": 120,
   "metadata": {},
   "outputs": [
    {
     "name": "stderr",
     "output_type": "stream",
     "text": [
      "C:\\Users\\abhis\\AppData\\Local\\Temp\\ipykernel_12956\\1422947719.py:1: FutureWarning: ChainedAssignmentError: behaviour will change in pandas 3.0!\n",
      "You are setting values through chained assignment. Currently this works in certain cases, but when using Copy-on-Write (which will become the default behaviour in pandas 3.0) this will never work to update the original DataFrame or Series, because the intermediate object on which we are setting values will behave as a copy.\n",
      "A typical example is when you are setting values in a column of a DataFrame, like:\n",
      "\n",
      "df[\"col\"][row_indexer] = value\n",
      "\n",
      "Use `df.loc[row_indexer, \"col\"] = values` instead, to perform the assignment in a single step and ensure this keeps updating the original `df`.\n",
      "\n",
      "See the caveats in the documentation: https://pandas.pydata.org/pandas-docs/stable/user_guide/indexing.html#returning-a-view-versus-a-copy\n",
      "\n",
      "  ser1[0][0] = 12\n",
      "C:\\Users\\abhis\\AppData\\Local\\Temp\\ipykernel_12956\\1422947719.py:1: SettingWithCopyWarning: \n",
      "A value is trying to be set on a copy of a slice from a DataFrame\n",
      "\n",
      "See the caveats in the documentation: https://pandas.pydata.org/pandas-docs/stable/user_guide/indexing.html#returning-a-view-versus-a-copy\n",
      "  ser1[0][0] = 12\n"
     ]
    }
   ],
   "source": [
    "ser1[0][0] = 12"
   ]
  },
  {
   "cell_type": "code",
   "execution_count": 121,
   "metadata": {},
   "outputs": [
    {
     "name": "stdout",
     "output_type": "stream",
     "text": [
      "            0         1         2         3         4\n",
      "0         0.3  0.657624  0.898072  0.412082  0.673186\n",
      "1    0.373584  0.055321  0.066260  0.090403  0.006082\n",
      "2    0.942895  0.829790  0.275629  0.059293  0.382830\n",
      "3    0.436027  0.324426  0.537739  0.641428  0.839556\n",
      "4    0.789386  0.314316  0.310783  0.459576  0.689794\n",
      "..        ...       ...       ...       ...       ...\n",
      "329  0.163907  0.553191  0.904229  0.431718  0.961976\n",
      "330  0.565119  0.606829  0.820893  0.746573  0.282004\n",
      "331  0.221902  0.215779  0.153853  0.764304  0.686762\n",
      "332  0.618394  0.119898  0.674177  0.539711  0.356024\n",
      "333   0.72761  0.440214  0.389518  0.221566  0.039565\n",
      "\n",
      "[334 rows x 5 columns]\n",
      "            0         1         2         3         4\n",
      "0          12  0.657624  0.898072  0.412082  0.673186\n",
      "1    0.373584  0.055321  0.066260  0.090403  0.006082\n",
      "2    0.942895  0.829790  0.275629  0.059293  0.382830\n",
      "3    0.436027  0.324426  0.537739  0.641428  0.839556\n",
      "4    0.789386  0.314316  0.310783  0.459576  0.689794\n",
      "..        ...       ...       ...       ...       ...\n",
      "329  0.163907  0.553191  0.904229  0.431718  0.961976\n",
      "330  0.565119  0.606829  0.820893  0.746573  0.282004\n",
      "331  0.221902  0.215779  0.153853  0.764304  0.686762\n",
      "332  0.618394  0.119898  0.674177  0.539711  0.356024\n",
      "333   0.72761  0.440214  0.389518  0.221566  0.039565\n",
      "\n",
      "[334 rows x 5 columns]\n"
     ]
    }
   ],
   "source": [
    "print(ser)\n",
    "print(ser1)"
   ]
  },
  {
   "cell_type": "code",
